z[1]=8.287674	
{0, 8.287674},
zero=0.000000
m=-1.000000	R0=2.000000
result=8.287674	radius=1
