z[1]=3.794185	
{0, 3.794185},
zero=0.000000
z[3]=3.766917	
{0.125000, 3.766917},
zero=0.000000
z[3]=3.766917	
{0.125000, 3.766917},
zero=0.000000
z[4]=3.773694	
{0.187500, 3.773694},
zero=0.000000
z[5]=3.781842	
{0.250000, 3.781842},
zero=0.000000
z[6]=3.793173	
{0.312500, 3.793173},
zero=0.000000
z[7]=3.806689	
{0.375000, 3.806689},
zero=0.000000
z[8]=3.821302	
{0.437500, 3.821302},
zero=0.000000
z[9]=3.836077	
{0.500000, 3.836077},
zero=0.000000
z[10]=3.850264	
{0.562500, 3.850264},
zero=0.000000
z[11]=3.863298	
{0.625000, 3.863298},
zero=0.000000
z[12]=3.874795	
{0.687500, 3.874795},
zero=0.000000
z[13]=3.884549	
{0.750000, 3.884549},
zero=0.000000
z[14]=3.892537	
{0.812500, 3.892537},
zero=0.000000
z[15]=3.898930	
{0.875000, 3.898930},
zero=0.000000
z[16]=3.904105	
{0.937500, 3.904105},
zero=0.000000
z[17]=3.908672	
{1.000000, 3.908672},
zero=0.000000
z[18]=3.913513	
{1.062500, 3.913513},
zero=0.000000
z[19]=3.919823	
{1.125000, 3.919823},
zero=0.000000
z[20]=3.929184	
{1.187500, 3.929184},
zero=0.000000
z[21]=3.943629	
{1.250000, 3.943629},
zero=0.000000
z[22]=3.965715	
{1.312500, 3.965715},
zero=0.000000
z[23]=3.998504	
{1.375000, 3.998504},
zero=0.000000
z[24]=4.045226	
{1.437500, 4.045226},
zero=0.000000
z[25]=4.107634	
{1.500000, 4.107634},
zero=0.000000
z[26]=4.177736	
{1.562500, 4.177736},
zero=0.000000
m=-1.000000	R0=2.500000
result=3.766917	radius=3
