z[1]=13.170293	
{0, 13.170293},
zero=0.000000
z[3]=13.047291	
{0.125000, 13.047291},
zero=0.000000
z[3]=13.047291	
{0.125000, 13.047291},
zero=0.000000
z[4]=12.977183	
{0.187500, 12.977183},
zero=0.000000
z[5]=12.905883	
{0.250000, 12.905883},
zero=0.000000
z[6]=12.833541	
{0.312500, 12.833541},
zero=0.000000
z[7]=12.759964	
{0.375000, 12.759964},
zero=0.000000
z[8]=12.685084	
{0.437500, 12.685084},
zero=0.000000
z[9]=12.609013	
{0.500000, 12.609013},
zero=0.000000
z[10]=12.532054	
{0.562500, 12.532054},
zero=0.000000
z[11]=12.454707	
{0.625000, 12.454707},
zero=0.000000
z[12]=12.377672	
{0.687500, 12.377672},
zero=0.000000
z[13]=12.301861	
{0.750000, 12.301861},
zero=0.000000
z[14]=12.228410	
{0.812500, 12.228410},
zero=0.000000
z[15]=12.158703	
{0.875000, 12.158703},
zero=0.000000
z[16]=12.094389	
{0.937500, 12.094389},
zero=0.000000
z[17]=12.037407	
{1.000000, 12.037407},
zero=0.000000
z[18]=11.990007	
{1.062500, 11.990007},
zero=0.000000
z[19]=11.954775	
{1.125000, 11.954775},
zero=0.000000
z[20]=11.934639	
{1.187500, 11.934639},
zero=0.000000
z[21]=11.932866	
{1.250000, 11.932866},
zero=0.000000
z[22]=11.953038	
{1.312500, 11.953038},
zero=0.000000
z[23]=11.998979	
{1.375000, 11.998979},
zero=0.000000
z[24]=12.074636	
{1.437500, 12.074636},
zero=0.000000
z[25]=12.183890	
{1.500000, 12.183890},
zero=0.000000
z[26]=12.330266	
{1.562500, 12.330266},
zero=0.000000
z[27]=12.516458	
{1.625000, 12.516458},
zero=0.000000
z[28]=12.743152	
{1.687500, 12.743152},
zero=0.000000
z[29]=13.005213	
{1.750000, 13.005213},
zero=0.000000
z[30]=13.277630	
{1.812500, 13.277630},
zero=0.000000
z[31]=13.299550	
{1.875000, 13.299550},
zero=0.000000
m=1.000000	R0=2.720000
result=11.932866	radius=21
