z[1]=3.650983	
{0, 3.650983},
zero=0.000000
z[3]=3.627638	
{0.125000, 3.627638},
zero=0.000000
z[3]=3.627638	
{0.125000, 3.627638},
zero=0.000000
z[4]=3.627059	
{0.187500, 3.627059},
zero=0.000000
z[5]=3.629899	
{0.250000, 3.629899},
zero=0.000000
z[6]=3.635721	
{0.312500, 3.635721},
zero=0.000000
z[7]=3.643329	
{0.375000, 3.643329},
zero=0.000000
z[8]=3.651586	
{0.437500, 3.651586},
zero=0.000000
z[9]=3.659478	
{0.500000, 3.659478},
zero=0.000000
z[10]=3.666150	
{0.562500, 3.666150},
zero=0.000000
z[11]=3.670931	
{0.625000, 3.670931},
zero=0.000000
z[12]=3.673348	
{0.687500, 3.673348},
zero=0.000000
z[13]=3.673117	
{0.750000, 3.673117},
zero=0.000000
z[14]=3.670129	
{0.812500, 3.670129},
zero=0.000000
z[15]=3.664424	
{0.875000, 3.664424},
zero=0.000000
z[16]=3.656188	
{0.937500, 3.656188},
zero=0.000000
z[17]=3.645742	
{1.000000, 3.645742},
zero=0.000000
z[18]=3.633562	
{1.062500, 3.633562},
zero=0.000000
z[19]=3.620290	
{1.125000, 3.620290},
zero=0.000000
z[20]=3.606777	
{1.187500, 3.606777},
zero=0.000000
z[21]=3.594136	
{1.250000, 3.594136},
zero=0.000000
z[22]=3.583809	
{1.312500, 3.583809},
zero=0.000000
z[23]=3.577660	
{1.375000, 3.577660},
zero=0.000000
z[24]=3.578063	
{1.437500, 3.578063},
zero=0.000000
z[25]=3.587839	
{1.500000, 3.587839},
zero=0.000000
z[26]=3.609226	
{1.562500, 3.609226},
zero=0.000000
z[27]=3.635753	
{1.625000, 3.635753},
zero=0.000000
m=-1.000000	R0=2.570000
result=3.577660	radius=23
