z[1]=3.951484	
{0, 3.951484},
zero=0.000000
z[5]=3.932789	
{0.125000, 3.932789},
zero=0.000000
z[5]=3.932789	
{0.125000, 3.932789},
zero=0.000000
z[6]=3.936357	
{0.156250, 3.936357},
zero=0.000000
z[7]=3.941490	
{0.187500, 3.941490},
zero=0.000000
z[8]=3.948192	
{0.218750, 3.948192},
zero=0.000000
z[9]=3.956245	
{0.250000, 3.956245},
zero=0.000000
z[10]=3.965407	
{0.281250, 3.965407},
zero=0.000000
z[11]=3.975445	
{0.312500, 3.975445},
zero=0.000000
z[12]=3.986148	
{0.343750, 3.986148},
zero=0.000000
z[13]=3.997328	
{0.375000, 3.997328},
zero=0.000000
z[14]=4.008814	
{0.406250, 4.008814},
zero=0.000000
z[15]=4.020457	
{0.437500, 4.020457},
zero=0.000000
z[16]=4.032122	
{0.468750, 4.032122},
zero=0.000000
z[17]=4.043692	
{0.500000, 4.043692},
zero=0.000000
z[18]=4.055063	
{0.531250, 4.055063},
zero=0.000000
z[19]=4.066144	
{0.562500, 4.066144},
zero=0.000000
z[20]=4.076859	
{0.593750, 4.076859},
zero=0.000000
z[21]=4.087143	
{0.625000, 4.087143},
zero=0.000000
z[22]=4.096945	
{0.656250, 4.096945},
zero=0.000000
z[23]=4.106224	
{0.687500, 4.106224},
zero=0.000000
z[24]=4.114952	
{0.718750, 4.114952},
zero=0.000000
z[25]=4.123113	
{0.750000, 4.123113},
zero=0.000000
z[26]=4.130703	
{0.781250, 4.130703},
zero=0.000000
z[27]=4.137730	
{0.812500, 4.137730},
zero=0.000000
z[28]=4.144217	
{0.843750, 4.144217},
zero=0.000000
z[29]=4.150199	
{0.875000, 4.150199},
zero=0.000000
z[30]=4.155725	
{0.906250, 4.155725},
zero=0.000000
z[31]=4.160860	
{0.937500, 4.160860},
zero=0.000000
z[32]=4.165686	
{0.968750, 4.165686},
zero=0.000000
z[33]=4.170304	
{1.000000, 4.170304},
zero=0.000000
z[34]=4.174833	
{1.031250, 4.174833},
zero=0.000000
z[35]=4.179418	
{1.062500, 4.179418},
zero=0.000000
z[36]=4.184226	
{1.093750, 4.184226},
zero=0.000000
z[37]=4.189455	
{1.125000, 4.189455},
zero=0.000000
z[38]=4.195335	
{1.156250, 4.195335},
zero=0.000000
z[39]=4.202134	
{1.187500, 4.202134},
zero=0.000000
z[40]=4.210160	
{1.218750, 4.210160},
zero=0.000000
z[41]=4.219774	
{1.250000, 4.219774},
zero=0.000000
z[42]=4.231390	
{1.281250, 4.231390},
zero=0.000000
z[43]=4.245486	
{1.312500, 4.245486},
zero=0.000000
z[44]=4.262609	
{1.343750, 4.262609},
zero=0.000000
z[45]=4.283383	
{1.375000, 4.283383},
zero=0.000000
z[46]=4.308501	
{1.406250, 4.308501},
zero=0.000000
z[47]=4.338720	
{1.437500, 4.338720},
zero=0.000000
z[48]=4.374803	
{1.468750, 4.374803},
zero=0.000000
z[49]=4.417405	
{1.500000, 4.417405},
zero=0.000000
z[50]=4.466778	
{1.531250, 4.466778},
zero=0.000000
z[51]=4.522060	
{1.562500, 4.522060},
zero=0.000000
z[52]=4.579576	
{1.593750, 4.579576},
zero=0.000000
z[53]=4.631657	
{1.625000, 4.631657},
zero=0.000000
m=-1.000000	R0=2.500000
result=3.932789	radius=5
