z[1]=16.524865	
{0, 16.524865},
zero=0.000000
z[5]=16.388340	
{0.125000, 16.388340},
zero=0.000000
z[5]=16.388340	
{0.125000, 16.388340},
zero=0.000000
z[6]=16.352475	
{0.156250, 16.352475},
zero=0.000000
z[7]=16.316827	
{0.187500, 16.316827},
zero=0.000000
z[8]=16.281268	
{0.218750, 16.281268},
zero=0.000000
z[9]=16.245675	
{0.250000, 16.245675},
zero=0.000000
z[10]=16.209944	
{0.281250, 16.209944},
zero=0.000000
z[11]=16.173991	
{0.312500, 16.173991},
zero=0.000000
z[12]=16.137756	
{0.343750, 16.137756},
zero=0.000000
z[13]=16.101195	
{0.375000, 16.101195},
zero=0.000000
z[14]=16.064283	
{0.406250, 16.064283},
zero=0.000000
z[15]=16.027011	
{0.437500, 16.027011},
zero=0.000000
z[16]=15.989384	
{0.468750, 15.989384},
zero=0.000000
z[17]=15.951422	
{0.500000, 15.951422},
zero=0.000000
z[18]=15.913159	
{0.531250, 15.913159},
zero=0.000000
z[19]=15.874643	
{0.562500, 15.874643},
zero=0.000000
z[20]=15.835934	
{0.593750, 15.835934},
zero=0.000000
z[21]=15.797108	
{0.625000, 15.797108},
zero=0.000000
z[22]=15.758253	
{0.656250, 15.758253},
zero=0.000000
z[23]=15.719472	
{0.687500, 15.719472},
zero=0.000000
z[24]=15.680882	
{0.718750, 15.680882},
zero=0.000000
z[25]=15.642616	
{0.750000, 15.642616},
zero=0.000000
z[26]=15.604823	
{0.781250, 15.604823},
zero=0.000000
z[27]=15.567668	
{0.812500, 15.567668},
zero=0.000000
z[28]=15.531335	
{0.843750, 15.531335},
zero=0.000000
z[29]=15.496025	
{0.875000, 15.496025},
zero=0.000000
z[30]=15.461960	
{0.906250, 15.461960},
zero=0.000000
z[31]=15.429383	
{0.937500, 15.429383},
zero=0.000000
z[32]=15.398557	
{0.968750, 15.398557},
zero=0.000000
z[33]=15.369770	
{1.000000, 15.369770},
zero=0.000000
z[34]=15.343333	
{1.031250, 15.343333},
zero=0.000000
z[35]=15.319584	
{1.062500, 15.319584},
zero=0.000000
z[36]=15.298886	
{1.093750, 15.298886},
zero=0.000000
z[37]=15.281630	
{1.125000, 15.281630},
zero=0.000000
z[38]=15.268238	
{1.156250, 15.268238},
zero=0.000000
z[39]=15.259159	
{1.187500, 15.259159},
zero=0.000000
z[40]=15.254873	
{1.218750, 15.254873},
zero=0.000000
z[41]=15.255892	
{1.250000, 15.255892},
zero=0.000000
z[42]=15.262758	
{1.281250, 15.262758},
zero=0.000000
z[43]=15.276043	
{1.312500, 15.276043},
zero=0.000000
z[44]=15.296349	
{1.343750, 15.296349},
zero=0.000000
z[45]=15.324307	
{1.375000, 15.324307},
zero=0.000000
z[46]=15.360574	
{1.406250, 15.360574},
zero=0.000000
z[47]=15.405829	
{1.437500, 15.405829},
zero=0.000000
z[48]=15.460774	
{1.468750, 15.460774},
zero=0.000000
z[49]=15.526125	
{1.500000, 15.526125},
zero=0.000000
z[50]=15.602609	
{1.531250, 15.602609},
zero=0.000000
z[51]=15.690953	
{1.562500, 15.690953},
zero=0.000000
z[52]=15.791871	
{1.593750, 15.791871},
zero=0.000000
z[53]=15.906030	
{1.625000, 15.906030},
zero=0.000000
z[54]=16.033989	
{1.656250, 16.033989},
zero=0.000000
z[55]=16.176065	
{1.687500, 16.176065},
zero=0.000000
z[56]=16.332031	
{1.718750, 16.332031},
zero=0.000000
z[57]=16.500474	
{1.750000, 16.500474},
zero=0.000000
z[58]=16.677489	
{1.781250, 16.677489},
zero=0.000000
z[59]=16.855414	
{1.812500, 16.855414},
zero=0.000000
z[60]=17.009508	
{1.843750, 17.009508},
zero=0.000000
z[61]=16.863822	
{1.875000, 16.863822},
zero=0.000000
m=1.000000	R0=2.720000
result=15.254873	radius=40
