z[1]=5.765959	
{0, 5.765959},
zero=0.000000
z[5]=5.747114	
{0.125000, 5.747114},
zero=0.000000
z[5]=5.747114	
{0.125000, 5.747114},
zero=0.000000
z[6]=5.750529	
{0.156250, 5.750529},
zero=0.000000
z[7]=5.755451	
{0.187500, 5.755451},
zero=0.000000
z[8]=5.761878	
{0.218750, 5.761878},
zero=0.000000
z[9]=5.769584	
{0.250000, 5.769584},
zero=0.000000
z[10]=5.778316	
{0.281250, 5.778316},
zero=0.000000
z[11]=5.787833	
{0.312500, 5.787833},
zero=0.000000
z[12]=5.797915	
{0.343750, 5.797915},
zero=0.000000
z[13]=5.808359	
{0.375000, 5.808359},
zero=0.000000
z[14]=5.818985	
{0.406250, 5.818985},
zero=0.000000
z[15]=5.829629	
{0.437500, 5.829629},
zero=0.000000
z[16]=5.840141	
{0.468750, 5.840141},
zero=0.000000
z[17]=5.850386	
{0.500000, 5.850386},
zero=0.000000
z[18]=5.860243	
{0.531250, 5.860243},
zero=0.000000
z[19]=5.869600	
{0.562500, 5.869600},
zero=0.000000
z[20]=5.878358	
{0.593750, 5.878358},
zero=0.000000
z[21]=5.886428	
{0.625000, 5.886428},
zero=0.000000
z[22]=5.893728	
{0.656250, 5.893728},
zero=0.000000
z[23]=5.900187	
{0.687500, 5.900187},
zero=0.000000
z[24]=5.905742	
{0.718750, 5.905742},
zero=0.000000
z[25]=5.910337	
{0.750000, 5.910337},
zero=0.000000
z[26]=5.913924	
{0.781250, 5.913924},
zero=0.000000
z[27]=5.916462	
{0.812500, 5.916462},
zero=0.000000
z[28]=5.917916	
{0.843750, 5.917916},
zero=0.000000
z[29]=5.918260	
{0.875000, 5.918260},
zero=0.000000
z[30]=5.917471	
{0.906250, 5.917471},
zero=0.000000
z[31]=5.915536	
{0.937500, 5.915536},
zero=0.000000
z[32]=5.912444	
{0.968750, 5.912444},
zero=0.000000
z[33]=5.908194	
{1.000000, 5.908194},
zero=0.000000
z[34]=5.902789	
{1.031250, 5.902789},
zero=0.000000
z[35]=5.896238	
{1.062500, 5.896238},
zero=0.000000
z[36]=5.888557	
{1.093750, 5.888557},
zero=0.000000
z[37]=5.879771	
{1.125000, 5.879771},
zero=0.000000
z[38]=5.869907	
{1.156250, 5.869907},
zero=0.000000
z[39]=5.859004	
{1.187500, 5.859004},
zero=0.000000
z[40]=5.847106	
{1.218750, 5.847106},
zero=0.000000
z[41]=5.834267	
{1.250000, 5.834267},
zero=0.000000
z[42]=5.820550	
{1.281250, 5.820550},
zero=0.000000
z[43]=5.806029	
{1.312500, 5.806029},
zero=0.000000
z[44]=5.790787	
{1.343750, 5.790787},
zero=0.000000
z[45]=5.774921	
{1.375000, 5.774921},
zero=0.000000
z[46]=5.758543	
{1.406250, 5.758543},
zero=0.000000
z[47]=5.741779	
{1.437500, 5.741779},
zero=0.000000
z[48]=5.724773	
{1.468750, 5.724773},
zero=0.000000
z[49]=5.707692	
{1.500000, 5.707692},
zero=0.000000
z[50]=5.690722	
{1.531250, 5.690722},
zero=0.000000
z[51]=5.674079	
{1.562500, 5.674079},
zero=0.000000
z[52]=5.658006	
{1.593750, 5.658006},
zero=0.000000
z[53]=5.642783	
{1.625000, 5.642783},
zero=0.000000
z[54]=5.628732	
{1.656250, 5.628732},
zero=0.000000
z[55]=5.616217	
{1.687500, 5.616217},
zero=0.000000
z[56]=5.605660	
{1.718750, 5.605660},
zero=0.000000
z[57]=5.597542	
{1.750000, 5.597542},
zero=0.000000
z[58]=5.592419	
{1.781250, 5.592419},
zero=0.000000
z[59]=5.590924	
{1.812500, 5.590924},
zero=0.000000
z[60]=5.593785	
{1.843750, 5.593785},
zero=0.000000
z[61]=5.601824	
{1.875000, 5.601824},
zero=0.000000
z[62]=5.615966	
{1.906250, 5.615966},
zero=0.000000
z[63]=5.637216	
{1.937500, 5.637216},
zero=0.000000
z[64]=5.666605	
{1.968750, 5.666605},
zero=0.000000
z[65]=5.705049	
{2.000000, 5.705049},
zero=0.000000
z[66]=5.752992	
{2.031250, 5.752992},
zero=0.000000
z[67]=5.809549	
{2.062500, 5.809549},
zero=0.000000
z[68]=5.870444	
{2.093750, 5.870444},
zero=0.000000
z[69]=5.926901	
{2.125000, 5.926901},
zero=0.000000
m=-1.000000	R0=3.000000
result=5.590924	radius=59
