z[1]=2.610649	
{0, 2.610649},
zero=0.000000
z[5]=2.592523	
{0.125000, 2.592523},
zero=0.000000
z[5]=2.592523	
{0.125000, 2.592523},
zero=0.000000
z[6]=2.596671	
{0.156250, 2.596671},
zero=0.000000
z[7]=2.602594	
{0.187500, 2.602594},
zero=0.000000
z[8]=2.610326	
{0.218750, 2.610326},
zero=0.000000
z[9]=2.619681	
{0.250000, 2.619681},
zero=0.000000
z[10]=2.630447	
{0.281250, 2.630447},
zero=0.000000
z[11]=2.642430	
{0.312500, 2.642430},
zero=0.000000
z[12]=2.655459	
{0.343750, 2.655459},
zero=0.000000
z[13]=2.669390	
{0.375000, 2.669390},
zero=0.000000
z[14]=2.684103	
{0.406250, 2.684103},
zero=0.000000
z[15]=2.699503	
{0.437500, 2.699503},
zero=0.000000
z[16]=2.715521	
{0.468750, 2.715521},
zero=0.000000
z[17]=2.732108	
{0.500000, 2.732108},
zero=0.000000
z[18]=2.749242	
{0.531250, 2.749242},
zero=0.000000
z[19]=2.766925	
{0.562500, 2.766925},
zero=0.000000
z[20]=2.785186	
{0.593750, 2.785186},
zero=0.000000
z[21]=2.804080	
{0.625000, 2.804080},
zero=0.000000
z[22]=2.823692	
{0.656250, 2.823692},
zero=0.000000
z[23]=2.844142	
{0.687500, 2.844142},
zero=0.000000
z[24]=2.865585	
{0.718750, 2.865585},
zero=0.000000
z[25]=2.888213	
{0.750000, 2.888213},
zero=0.000000
z[26]=2.912265	
{0.781250, 2.912265},
zero=0.000000
z[27]=2.938029	
{0.812500, 2.938029},
zero=0.000000
z[28]=2.965842	
{0.843750, 2.965842},
zero=0.000000
z[29]=2.996097	
{0.875000, 2.996097},
zero=0.000000
z[30]=3.029241	
{0.906250, 3.029241},
zero=0.000000
z[31]=3.065753	
{0.937500, 3.065753},
zero=0.000000
z[32]=3.106114	
{0.968750, 3.106114},
zero=0.000000
z[33]=3.150700	
{1.000000, 3.150700},
zero=0.000000
z[34]=3.199554	
{1.031250, 3.199554},
zero=0.000000
z[35]=3.251828	
{1.062500, 3.251828},
zero=0.000000
z[36]=3.304436	
{1.093750, 3.304436},
zero=0.000000
z[37]=3.350812	
{1.125000, 3.350812},
zero=0.000000
m=-1.000000	R0=2.000000
result=2.592523	radius=5
