z[1]=3.830676	
{0, 3.830676},
zero=0.000000
z[5]=3.810529	
{0.125000, 3.810529},
zero=0.000000
z[5]=3.810529	
{0.125000, 3.810529},
zero=0.000000
z[6]=3.811101	
{0.156250, 3.811101},
zero=0.000000
z[7]=3.813175	
{0.187500, 3.813175},
zero=0.000000
z[8]=3.816568	
{0.218750, 3.816568},
zero=0.000000
z[9]=3.821055	
{0.250000, 3.821055},
zero=0.000000
z[10]=3.826420	
{0.281250, 3.826420},
zero=0.000000
z[11]=3.832462	
{0.312500, 3.832462},
zero=0.000000
z[12]=3.838997	
{0.343750, 3.838997},
zero=0.000000
z[13]=3.845853	
{0.375000, 3.845853},
zero=0.000000
z[14]=3.852872	
{0.406250, 3.852872},
zero=0.000000
z[15]=3.859906	
{0.437500, 3.859906},
zero=0.000000
z[16]=3.866822	
{0.468750, 3.866822},
zero=0.000000
z[17]=3.873496	
{0.500000, 3.873496},
zero=0.000000
z[18]=3.879819	
{0.531250, 3.879819},
zero=0.000000
z[19]=3.885695	
{0.562500, 3.885695},
zero=0.000000
z[20]=3.891041	
{0.593750, 3.891041},
zero=0.000000
z[21]=3.895789	
{0.625000, 3.895789},
zero=0.000000
z[22]=3.899882	
{0.656250, 3.899882},
zero=0.000000
z[23]=3.903278	
{0.687500, 3.903278},
zero=0.000000
z[24]=3.905945	
{0.718750, 3.905945},
zero=0.000000
z[25]=3.907863	
{0.750000, 3.907863},
zero=0.000000
z[26]=3.909022	
{0.781250, 3.909022},
zero=0.000000
z[27]=3.909421	
{0.812500, 3.909421},
zero=0.000000
z[28]=3.909070	
{0.843750, 3.909070},
zero=0.000000
z[29]=3.907985	
{0.875000, 3.907985},
zero=0.000000
z[30]=3.906194	
{0.906250, 3.906194},
zero=0.000000
z[31]=3.903731	
{0.937500, 3.903731},
zero=0.000000
z[32]=3.900642	
{0.968750, 3.900642},
zero=0.000000
z[33]=3.896980	
{1.000000, 3.896980},
zero=0.000000
z[34]=3.892809	
{1.031250, 3.892809},
zero=0.000000
z[35]=3.888206	
{1.062500, 3.888206},
zero=0.000000
z[36]=3.883260	
{1.093750, 3.883260},
zero=0.000000
z[37]=3.878072	
{1.125000, 3.878072},
zero=0.000000
z[38]=3.872762	
{1.156250, 3.872762},
zero=0.000000
z[39]=3.867467	
{1.187500, 3.867467},
zero=0.000000
z[40]=3.862345	
{1.218750, 3.862345},
zero=0.000000
z[41]=3.857581	
{1.250000, 3.857581},
zero=0.000000
z[42]=3.853386	
{1.281250, 3.853386},
zero=0.000000
z[43]=3.850008	
{1.312500, 3.850008},
zero=0.000000
z[44]=3.847735	
{1.343750, 3.847735},
zero=0.000000
z[45]=3.846904	
{1.375000, 3.846904},
zero=0.000000
z[46]=3.847911	
{1.406250, 3.847911},
zero=0.000000
z[47]=3.851221	
{1.437500, 3.851221},
zero=0.000000
z[48]=3.857385	
{1.468750, 3.857385},
zero=0.000000
z[49]=3.867053	
{1.500000, 3.867053},
zero=0.000000
z[50]=3.880986	
{1.531250, 3.880986},
zero=0.000000
z[51]=3.900051	
{1.562500, 3.900051},
zero=0.000000
z[52]=3.925133	
{1.593750, 3.925133},
zero=0.000000
z[53]=3.956756	
{1.625000, 3.956756},
zero=0.000000
z[54]=3.993282	
{1.656250, 3.993282},
zero=0.000000
z[55]=4.028127	
{1.687500, 4.028127},
zero=0.000000
m=-1.000000	R0=2.570000
result=3.810529	radius=5
