z[1]=5.018628	
{0, 5.018628},
zero=0.000000
z[5]=4.999914	
{0.125000, 4.999914},
zero=0.000000
z[5]=4.999914	
{0.125000, 4.999914},
zero=0.000000
z[6]=5.003366	
{0.156250, 5.003366},
zero=0.000000
z[7]=5.008346	
{0.187500, 5.008346},
zero=0.000000
z[8]=5.014849	
{0.218750, 5.014849},
zero=0.000000
z[9]=5.022649	
{0.250000, 5.022649},
zero=0.000000
z[10]=5.031496	
{0.281250, 5.031496},
zero=0.000000
z[11]=5.041151	
{0.312500, 5.041151},
zero=0.000000
z[12]=5.051394	
{0.343750, 5.051394},
zero=0.000000
z[13]=5.062028	
{0.375000, 5.062028},
zero=0.000000
z[14]=5.072873	
{0.406250, 5.072873},
zero=0.000000
z[15]=5.083769	
{0.437500, 5.083769},
zero=0.000000
z[16]=5.094571	
{0.468750, 5.094571},
zero=0.000000
z[17]=5.105148	
{0.500000, 5.105148},
zero=0.000000
z[18]=5.115381	
{0.531250, 5.115381},
zero=0.000000
z[19]=5.125166	
{0.562500, 5.125166},
zero=0.000000
z[20]=5.134408	
{0.593750, 5.134408},
zero=0.000000
z[21]=5.143022	
{0.625000, 5.143022},
zero=0.000000
z[22]=5.150936	
{0.656250, 5.150936},
zero=0.000000
z[23]=5.158084	
{0.687500, 5.158084},
zero=0.000000
z[24]=5.164412	
{0.718750, 5.164412},
zero=0.000000
z[25]=5.169873	
{0.750000, 5.169873},
zero=0.000000
z[26]=5.174428	
{0.781250, 5.174428},
zero=0.000000
z[27]=5.178049	
{0.812500, 5.178049},
zero=0.000000
z[28]=5.180713	
{0.843750, 5.180713},
zero=0.000000
z[29]=5.182407	
{0.875000, 5.182407},
zero=0.000000
z[30]=5.183124	
{0.906250, 5.183124},
zero=0.000000
z[31]=5.182867	
{0.937500, 5.182867},
zero=0.000000
z[32]=5.181646	
{0.968750, 5.181646},
zero=0.000000
z[33]=5.179480	
{1.000000, 5.179480},
zero=0.000000
z[34]=5.176396	
{1.031250, 5.176396},
zero=0.000000
z[35]=5.172432	
{1.062500, 5.172432},
zero=0.000000
z[36]=5.167634	
{1.093750, 5.167634},
zero=0.000000
z[37]=5.162058	
{1.125000, 5.162058},
zero=0.000000
z[38]=5.155774	
{1.156250, 5.155774},
zero=0.000000
z[39]=5.148861	
{1.187500, 5.148861},
zero=0.000000
z[40]=5.141415	
{1.218750, 5.141415},
zero=0.000000
z[41]=5.133545	
{1.250000, 5.133545},
zero=0.000000
z[42]=5.125379	
{1.281250, 5.125379},
zero=0.000000
z[43]=5.117061	
{1.312500, 5.117061},
zero=0.000000
z[44]=5.108760	
{1.343750, 5.108760},
zero=0.000000
z[45]=5.100669	
{1.375000, 5.100669},
zero=0.000000
z[46]=5.093008	
{1.406250, 5.093008},
zero=0.000000
z[47]=5.086029	
{1.437500, 5.086029},
zero=0.000000
z[48]=5.080025	
{1.468750, 5.080025},
zero=0.000000
z[49]=5.075327	
{1.500000, 5.075327},
zero=0.000000
z[50]=5.072318	
{1.531250, 5.072318},
zero=0.000000
z[51]=5.071438	
{1.562500, 5.071438},
zero=0.000000
z[52]=5.073193	
{1.593750, 5.073193},
zero=0.000000
z[53]=5.078160	
{1.625000, 5.078160},
zero=0.000000
z[54]=5.087002	
{1.656250, 5.087002},
zero=0.000000
z[55]=5.100470	
{1.687500, 5.100470},
zero=0.000000
z[56]=5.119405	
{1.718750, 5.119405},
zero=0.000000
z[57]=5.144720	
{1.750000, 5.144720},
zero=0.000000
z[58]=5.177349	
{1.781250, 5.177349},
zero=0.000000
z[59]=5.218114	
{1.812500, 5.218114},
zero=0.000000
z[60]=5.267387	
{1.843750, 5.267387},
zero=0.000000
z[61]=5.324291	
{1.875000, 5.324291},
zero=0.000000
z[62]=5.384763	
{1.906250, 5.384763},
zero=0.000000
z[63]=5.440384	
{1.937500, 5.440384},
zero=0.000000
m=-1.000000	R0=2.800000
result=4.999914	radius=5
