z[1]=13.005066	
{0, 13.005066},
zero=0.000000
m=-1.000000	R0=2.000000
result=13.005066	radius=1
