z[1]=3.827781	
{0, 3.827781},
zero=0.000000
z[5]=3.807564	
{0.125000, 3.807564},
zero=0.000000
z[5]=3.807564	
{0.125000, 3.807564},
zero=0.000000
z[6]=3.807770	
{0.156250, 3.807770},
zero=0.000000
z[7]=3.809417	
{0.187500, 3.809417},
zero=0.000000
z[8]=3.812369	
{0.218750, 3.812369},
zero=0.000000
z[9]=3.816417	
{0.250000, 3.816417},
zero=0.000000
z[10]=3.821350	
{0.281250, 3.821350},
zero=0.000000
z[11]=3.826968	
{0.312500, 3.826968},
zero=0.000000
z[12]=3.833090	
{0.343750, 3.833090},
zero=0.000000
z[13]=3.839543	
{0.375000, 3.839543},
zero=0.000000
z[14]=3.846169	
{0.406250, 3.846169},
zero=0.000000
z[15]=3.852821	
{0.437500, 3.852821},
zero=0.000000
z[16]=3.859362	
{0.468750, 3.859362},
zero=0.000000
z[17]=3.865671	
{0.500000, 3.865671},
zero=0.000000
z[18]=3.871636	
{0.531250, 3.871636},
zero=0.000000
z[19]=3.877160	
{0.562500, 3.877160},
zero=0.000000
z[20]=3.882160	
{0.593750, 3.882160},
zero=0.000000
z[21]=3.886566	
{0.625000, 3.886566},
zero=0.000000
z[22]=3.890321	
{0.656250, 3.890321},
zero=0.000000
z[23]=3.893381	
{0.687500, 3.893381},
zero=0.000000
z[24]=3.895713	
{0.718750, 3.895713},
zero=0.000000
z[25]=3.897297	
{0.750000, 3.897297},
zero=0.000000
z[26]=3.898120	
{0.781250, 3.898120},
zero=0.000000
z[27]=3.898183	
{0.812500, 3.898183},
zero=0.000000
z[28]=3.897492	
{0.843750, 3.897492},
zero=0.000000
z[29]=3.896065	
{0.875000, 3.896065},
zero=0.000000
z[30]=3.893927	
{0.906250, 3.893927},
zero=0.000000
z[31]=3.891112	
{0.937500, 3.891112},
zero=0.000000
z[32]=3.887664	
{0.968750, 3.887664},
zero=0.000000
z[33]=3.883636	
{1.000000, 3.883636},
zero=0.000000
z[34]=3.879090	
{1.031250, 3.879090},
zero=0.000000
z[35]=3.874102	
{1.062500, 3.874102},
zero=0.000000
z[36]=3.868758	
{1.093750, 3.868758},
zero=0.000000
z[37]=3.863159	
{1.125000, 3.863159},
zero=0.000000
z[38]=3.857423	
{1.156250, 3.857423},
zero=0.000000
z[39]=3.851682	
{1.187500, 3.851682},
zero=0.000000
z[40]=3.846094	
{1.218750, 3.846094},
zero=0.000000
z[41]=3.840838	
{1.250000, 3.840838},
zero=0.000000
z[42]=3.836123	
{1.281250, 3.836123},
zero=0.000000
z[43]=3.832189	
{1.312500, 3.832189},
zero=0.000000
z[44]=3.829319	
{1.343750, 3.829319},
zero=0.000000
z[45]=3.827839	
{1.375000, 3.827839},
zero=0.000000
z[46]=3.828134	
{1.406250, 3.828134},
zero=0.000000
z[47]=3.830650	
{1.437500, 3.830650},
zero=0.000000
z[48]=3.835912	
{1.468750, 3.835912},
zero=0.000000
z[49]=3.844527	
{1.500000, 3.844527},
zero=0.000000
z[50]=3.857187	
{1.531250, 3.857187},
zero=0.000000
z[51]=3.874640	
{1.562500, 3.874640},
zero=0.000000
z[52]=3.897572	
{1.593750, 3.897572},
zero=0.000000
z[53]=3.926189	
{1.625000, 3.926189},
zero=0.000000
z[54]=3.958608	
{1.656250, 3.958608},
zero=0.000000
z[55]=3.986556	
{1.687500, 3.986556},
zero=0.000000
z[56]=3.905568	
{1.718750, 3.905568},
zero=0.000000
m=-1.000000	R0=2.570000
result=3.807564	radius=5
