z[1]=16.524865	
{0, 16.524865},
zero=0.000000
z[5]=16.409366	
{0.125000, 16.409366},
zero=0.000000
z[5]=16.409366	
{0.125000, 16.409366},
zero=0.000000
z[6]=16.372858	
{0.156250, 16.372858},
zero=0.000000
z[7]=16.336369	
{0.187500, 16.336369},
zero=0.000000
z[8]=16.300004	
{0.218750, 16.300004},
zero=0.000000
z[9]=16.263689	
{0.250000, 16.263689},
zero=0.000000
z[10]=16.227320	
{0.281250, 16.227320},
zero=0.000000
z[11]=16.190803	
{0.312500, 16.190803},
zero=0.000000
z[12]=16.154058	
{0.343750, 16.154058},
zero=0.000000
z[13]=16.117023	
{0.375000, 16.117023},
zero=0.000000
z[14]=16.079655	
{0.406250, 16.079655},
zero=0.000000
z[15]=16.041926	
{0.437500, 16.041926},
zero=0.000000
z[16]=16.003824	
{0.468750, 16.003824},
zero=0.000000
z[17]=15.965352	
{0.500000, 15.965352},
zero=0.000000
z[18]=15.926527	
{0.531250, 15.926527},
zero=0.000000
z[19]=15.887380	
{0.562500, 15.887380},
zero=0.000000
z[20]=15.847954	
{0.593750, 15.847954},
zero=0.000000
z[21]=15.808309	
{0.625000, 15.808309},
zero=0.000000
z[22]=15.768514	
{0.656250, 15.768514},
zero=0.000000
z[23]=15.728656	
{0.687500, 15.728656},
zero=0.000000
z[24]=15.688833	
{0.718750, 15.688833},
zero=0.000000
z[25]=15.649159	
{0.750000, 15.649159},
zero=0.000000
z[26]=15.609764	
{0.781250, 15.609764},
zero=0.000000
z[27]=15.570793	
{0.812500, 15.570793},
zero=0.000000
z[28]=15.532406	
{0.843750, 15.532406},
zero=0.000000
z[29]=15.494782	
{0.875000, 15.494782},
zero=0.000000
z[30]=15.458120	
{0.906250, 15.458120},
zero=0.000000
z[31]=15.422636	
{0.937500, 15.422636},
zero=0.000000
z[32]=15.388567	
{0.968750, 15.388567},
zero=0.000000
z[33]=15.356171	
{1.000000, 15.356171},
zero=0.000000
z[34]=15.325730	
{1.031250, 15.325730},
zero=0.000000
z[35]=15.297549	
{1.062500, 15.297549},
zero=0.000000
z[36]=15.271958	
{1.093750, 15.271958},
zero=0.000000
z[37]=15.249313	
{1.125000, 15.249313},
zero=0.000000
z[38]=15.229997	
{1.156250, 15.229997},
zero=0.000000
z[39]=15.214420	
{1.187500, 15.214420},
zero=0.000000
z[40]=15.203022	
{1.218750, 15.203022},
zero=0.000000
z[41]=15.196271	
{1.250000, 15.196271},
zero=0.000000
z[42]=15.194667	
{1.281250, 15.194667},
zero=0.000000
z[43]=15.198737	
{1.312500, 15.198737},
zero=0.000000
z[44]=15.209038	
{1.343750, 15.209038},
zero=0.000000
z[45]=15.226155	
{1.375000, 15.226155},
zero=0.000000
z[46]=15.250701	
{1.406250, 15.250701},
zero=0.000000
z[47]=15.283314	
{1.437500, 15.283314},
zero=0.000000
z[48]=15.324653	
{1.468750, 15.324653},
zero=0.000000
z[49]=15.375399	
{1.500000, 15.375399},
zero=0.000000
z[50]=15.436248	
{1.531250, 15.436248},
zero=0.000000
z[51]=15.507905	
{1.562500, 15.507905},
zero=0.000000
z[52]=15.591079	
{1.593750, 15.591079},
zero=0.000000
z[53]=15.686465	
{1.625000, 15.686465},
zero=0.000000
z[54]=15.794715	
{1.656250, 15.794715},
zero=0.000000
z[55]=15.916373	
{1.687500, 15.916373},
zero=0.000000
z[56]=16.051732	
{1.718750, 16.051732},
zero=0.000000
z[57]=16.200512	
{1.750000, 16.200512},
zero=0.000000
z[58]=16.361182	
{1.781250, 16.361182},
zero=0.000000
z[59]=16.529885	
{1.812500, 16.529885},
zero=0.000000
z[60]=16.695174	
{1.843750, 16.695174},
zero=0.000000
z[61]=16.731021	
{1.875000, 16.731021},
zero=0.000000
m=1.000000	R0=2.720000
result=15.194667	radius=42
