z[1]=22.025938	
{0, 22.025938},
zero=0.000000
m=-1.000000	R0=2.000000
result=22.025938	radius=1
