z[1]=5.751395	
{0, 5.751395},
zero=0.000000
z[3]=5.748649	
{0.062500, 5.748649},
zero=0.000000
z[3]=5.748649	
{0.062500, 5.748649},
zero=0.000000
z[4]=5.760251	
{0.093750, 5.760251},
zero=0.000000
z[5]=5.776830	
{0.125000, 5.776830},
zero=0.000000
z[6]=5.797344	
{0.156250, 5.797344},
zero=0.000000
z[7]=5.820881	
{0.187500, 5.820881},
zero=0.000000
z[8]=5.846753	
{0.218750, 5.846753},
zero=0.000000
z[9]=5.874426	
{0.250000, 5.874426},
zero=0.000000
z[10]=5.903467	
{0.281250, 5.903467},
zero=0.000000
z[11]=5.933520	
{0.312500, 5.933520},
zero=0.000000
z[12]=5.964286	
{0.343750, 5.964286},
zero=0.000000
z[13]=5.995508	
{0.375000, 5.995508},
zero=0.000000
z[14]=6.026964	
{0.406250, 6.026964},
zero=0.000000
z[15]=6.058462	
{0.437500, 6.058462},
zero=0.000000
z[16]=6.089836	
{0.468750, 6.089836},
zero=0.000000
z[17]=6.120942	
{0.500000, 6.120942},
zero=0.000000
z[18]=6.151653	
{0.531250, 6.151653},
zero=0.000000
z[19]=6.181863	
{0.562500, 6.181863},
zero=0.000000
z[20]=6.211480	
{0.593750, 6.211480},
zero=0.000000
z[21]=6.240431	
{0.625000, 6.240431},
zero=0.000000
z[22]=6.268655	
{0.656250, 6.268655},
zero=0.000000
z[23]=6.296107	
{0.687500, 6.296107},
zero=0.000000
z[24]=6.322755	
{0.718750, 6.322755},
zero=0.000000
z[25]=6.348582	
{0.750000, 6.348582},
zero=0.000000
z[26]=6.373585	
{0.781250, 6.373585},
zero=0.000000
z[27]=6.397774	
{0.812500, 6.397774},
zero=0.000000
z[28]=6.421176	
{0.843750, 6.421176},
zero=0.000000
z[29]=6.443833	
{0.875000, 6.443833},
zero=0.000000
z[30]=6.465803	
{0.906250, 6.465803},
zero=0.000000
z[31]=6.487163	
{0.937500, 6.487163},
zero=0.000000
z[32]=6.508010	
{0.968750, 6.508010},
zero=0.000000
z[33]=6.528463	
{1.000000, 6.528463},
zero=0.000000
z[34]=6.548666	
{1.031250, 6.548666},
zero=0.000000
z[35]=6.568791	
{1.062500, 6.568791},
zero=0.000000
z[36]=6.589044	
{1.093750, 6.589044},
zero=0.000000
z[37]=6.609667	
{1.125000, 6.609667},
zero=0.000000
z[38]=6.630949	
{1.156250, 6.630949},
zero=0.000000
z[39]=6.653229	
{1.187500, 6.653229},
zero=0.000000
z[40]=6.676908	
{1.218750, 6.676908},
zero=0.000000
z[41]=6.702463	
{1.250000, 6.702463},
zero=0.000000
z[42]=6.730459	
{1.281250, 6.730459},
zero=0.000000
z[43]=6.761569	
{1.312500, 6.761569},
zero=0.000000
z[44]=6.796600	
{1.343750, 6.796600},
zero=0.000000
z[45]=6.836516	
{1.375000, 6.836516},
zero=0.000000
z[46]=6.882481	
{1.406250, 6.882481},
zero=0.000000
z[47]=6.935901	
{1.437500, 6.935901},
zero=0.000000
z[48]=6.998470	
{1.468750, 6.998470},
zero=0.000000
z[49]=7.072217	
{1.500000, 7.072217},
zero=0.000000
z[50]=7.159497	
{1.531250, 7.159497},
zero=0.000000
z[51]=7.262781	
{1.562500, 7.262781},
zero=0.000000
z[52]=7.383586	
{1.593750, 7.383586},
zero=0.000000
z[53]=7.517308	
{1.625000, 7.517308},
zero=0.000000
z[54]=7.619827	
{1.656250, 7.619827},
zero=0.000000
z[55]=7.851837	
{1.687500, 7.851837},
zero=0.000000
m=-1.000000	R0=2.500000
result=5.748649	radius=3
