z[1]=13.093513	
{0, 13.093513},
zero=0.000000
z[3]=13.086152	
{0.125000, 13.086152},
zero=0.000000
z[3]=13.086152	
{0.125000, 13.086152},
zero=0.000000
z[4]=13.105104	
{0.187500, 13.105104},
zero=0.000000
z[5]=13.131068	
{0.250000, 13.131068},
zero=0.000000
z[6]=13.161371	
{0.312500, 13.161371},
zero=0.000000
z[7]=13.193648	
{0.375000, 13.193648},
zero=0.000000
z[8]=13.226051	
{0.437500, 13.226051},
zero=0.000000
z[9]=13.257103	
{0.500000, 13.257103},
zero=0.000000
z[10]=13.285609	
{0.562500, 13.285609},
zero=0.000000
z[11]=13.310591	
{0.625000, 13.310591},
zero=0.000000
z[12]=13.331252	
{0.687500, 13.331252},
zero=0.000000
z[13]=13.346941	
{0.750000, 13.346941},
zero=0.000000
z[14]=13.357126	
{0.812500, 13.357126},
zero=0.000000
z[15]=13.361377	
{0.875000, 13.361377},
zero=0.000000
z[16]=13.359343	
{0.937500, 13.359343},
zero=0.000000
z[17]=13.350742	
{1.000000, 13.350742},
zero=0.000000
z[18]=13.335346	
{1.062500, 13.335346},
zero=0.000000
z[19]=13.312971	
{1.125000, 13.312971},
zero=0.000000
z[20]=13.283471	
{1.187500, 13.283471},
zero=0.000000
z[21]=13.246732	
{1.250000, 13.246732},
zero=0.000000
z[22]=13.202666	
{1.312500, 13.202666},
zero=0.000000
z[23]=13.151209	
{1.375000, 13.151209},
zero=0.000000
z[24]=13.092318	
{1.437500, 13.092318},
zero=0.000000
z[25]=13.025971	
{1.500000, 13.025971},
zero=0.000000
z[26]=12.952166	
{1.562500, 12.952166},
zero=0.000000
z[27]=12.870923	
{1.625000, 12.870923},
zero=0.000000
z[28]=12.782287	
{1.687500, 12.782287},
zero=0.000000
z[29]=12.686326	
{1.750000, 12.686326},
zero=0.000000
z[30]=12.583139	
{1.812500, 12.583139},
zero=0.000000
z[31]=12.472864	
{1.875000, 12.472864},
zero=0.000000
z[32]=12.355677	
{1.937500, 12.355677},
zero=0.000000
z[33]=12.231811	
{2.000000, 12.231811},
zero=0.000000
z[34]=12.101560	
{2.062500, 12.101560},
zero=0.000000
z[35]=11.965299	
{2.125000, 11.965299},
zero=0.000000
z[36]=11.823504	
{2.187500, 11.823504},
zero=0.000000
z[37]=11.676774	
{2.250000, 11.676774},
zero=0.000000
z[38]=11.525871	
{2.312500, 11.525871},
zero=0.000000
z[39]=11.371756	
{2.375000, 11.371756},
zero=0.000000
z[40]=11.215653	
{2.437500, 11.215653},
zero=0.000000
z[41]=11.059120	
{2.500000, 11.059120},
zero=0.000000
z[42]=10.904151	
{2.562500, 10.904151},
zero=0.000000
z[43]=10.753302	
{2.625000, 10.753302},
zero=0.000000
z[44]=10.609851	
{2.687500, 10.609851},
zero=0.000000
z[45]=10.477981	
{2.750000, 10.477981},
zero=0.000000
z[46]=10.362921	
{2.812500, 10.362921},
zero=0.000000
z[47]=10.270792	
{2.875000, 10.270792},
zero=0.000000
z[48]=10.207048	
{2.937500, 10.207048},
zero=0.000000
z[49]=10.167801	
{3.000000, 10.167801},
zero=0.000000
z[50]=10.080833	
{3.062500, 10.080833},
zero=0.000000
z[51]=10.261537	
{3.125000, 10.261537},
zero=0.000000
m=-1.000000	R0=4.000000
result=10.080833	radius=50
