z[1]=6.264896	
{0, 6.264896},
zero=0.000000
z[3]=6.257815	
{0.125000, 6.257815},
zero=0.000000
z[3]=6.257815	
{0.125000, 6.257815},
zero=0.000000
z[4]=6.276887	
{0.187500, 6.276887},
zero=0.000000
z[5]=6.303091	
{0.250000, 6.303091},
zero=0.000000
z[6]=6.333761	
{0.312500, 6.333761},
zero=0.000000
z[7]=6.366566	
{0.375000, 6.366566},
zero=0.000000
z[8]=6.399700	
{0.437500, 6.399700},
zero=0.000000
z[9]=6.431737	
{0.500000, 6.431737},
zero=0.000000
z[10]=6.461544	
{0.562500, 6.461544},
zero=0.000000
z[11]=6.488224	
{0.625000, 6.488224},
zero=0.000000
z[12]=6.511076	
{0.687500, 6.511076},
zero=0.000000
z[13]=6.529573	
{0.750000, 6.529573},
zero=0.000000
z[14]=6.543336	
{0.812500, 6.543336},
zero=0.000000
z[15]=6.552125	
{0.875000, 6.552125},
zero=0.000000
z[16]=6.555832	
{0.937500, 6.555832},
zero=0.000000
z[17]=6.554473	
{1.000000, 6.554473},
zero=0.000000
z[18]=6.548200	
{1.062500, 6.548200},
zero=0.000000
z[19]=6.537305	
{1.125000, 6.537305},
zero=0.000000
z[20]=6.522246	
{1.187500, 6.522246},
zero=0.000000
z[21]=6.503672	
{1.250000, 6.503672},
zero=0.000000
z[22]=6.482469	
{1.312500, 6.482469},
zero=0.000000
z[23]=6.459816	
{1.375000, 6.459816},
zero=0.000000
z[24]=6.437264	
{1.437500, 6.437264},
zero=0.000000
z[25]=6.416835	
{1.500000, 6.416835},
zero=0.000000
z[26]=6.401132	
{1.562500, 6.401132},
zero=0.000000
z[27]=6.393428	
{1.625000, 6.393428},
zero=0.000000
z[28]=6.397567	
{1.687500, 6.397567},
zero=0.000000
z[29]=6.416977	
{1.750000, 6.416977},
zero=0.000000
z[30]=6.449188	
{1.812500, 6.449188},
zero=0.000000
z[31]=6.448629	
{1.875000, 6.448629},
zero=0.000000
z[32]=6.597862	
{1.937500, 6.597862},
zero=0.000000
m=-1.000000	R0=2.800000
result=6.257815	radius=3
