z[1]=21.127820	
{0, 21.127820},
zero=0.000000
z[3]=21.120457	
{0.125000, 21.120457},
zero=0.000000
z[3]=21.120457	
{0.125000, 21.120457},
zero=0.000000
z[4]=21.139406	
{0.187500, 21.139406},
zero=0.000000
z[5]=21.165363	
{0.250000, 21.165363},
zero=0.000000
z[6]=21.195655	
{0.312500, 21.195655},
zero=0.000000
z[7]=21.227917	
{0.375000, 21.227917},
zero=0.000000
z[8]=21.260299	
{0.437500, 21.260299},
zero=0.000000
z[9]=21.291324	
{0.500000, 21.291324},
zero=0.000000
z[10]=21.319792	
{0.562500, 21.319792},
zero=0.000000
z[11]=21.344726	
{0.625000, 21.344726},
zero=0.000000
z[12]=21.365324	
{0.687500, 21.365324},
zero=0.000000
z[13]=21.380932	
{0.750000, 21.380932},
zero=0.000000
z[14]=21.391014	
{0.812500, 21.391014},
zero=0.000000
z[15]=21.395135	
{0.875000, 21.395135},
zero=0.000000
z[16]=21.392937	
{0.937500, 21.392937},
zero=0.000000
z[17]=21.384131	
{1.000000, 21.384131},
zero=0.000000
z[18]=21.368476	
{1.062500, 21.368476},
zero=0.000000
z[19]=21.345779	
{1.125000, 21.345779},
zero=0.000000
z[20]=21.315877	
{1.187500, 21.315877},
zero=0.000000
z[21]=21.278636	
{1.250000, 21.278636},
zero=0.000000
z[22]=21.233946	
{1.312500, 21.233946},
zero=0.000000
z[23]=21.181712	
{1.375000, 21.181712},
zero=0.000000
z[24]=21.121857	
{1.437500, 21.121857},
zero=0.000000
z[25]=21.054313	
{1.500000, 21.054313},
zero=0.000000
z[26]=20.979025	
{1.562500, 20.979025},
zero=0.000000
z[27]=20.895945	
{1.625000, 20.895945},
zero=0.000000
z[28]=20.805032	
{1.687500, 20.805032},
zero=0.000000
z[29]=20.706253	
{1.750000, 20.706253},
zero=0.000000
z[30]=20.599579	
{1.812500, 20.599579},
zero=0.000000
z[31]=20.484989	
{1.875000, 20.484989},
zero=0.000000
z[32]=20.362465	
{1.937500, 20.362465},
zero=0.000000
z[33]=20.231994	
{2.000000, 20.231994},
zero=0.000000
z[34]=20.093569	
{2.062500, 20.093569},
zero=0.000000
z[35]=19.947191	
{2.125000, 19.947191},
zero=0.000000
z[36]=19.792862	
{2.187500, 19.792862},
zero=0.000000
z[37]=19.630594	
{2.250000, 19.630594},
zero=0.000000
z[38]=19.460408	
{2.312500, 19.460408},
zero=0.000000
z[39]=19.282332	
{2.375000, 19.282332},
zero=0.000000
z[40]=19.096406	
{2.437500, 19.096406},
zero=0.000000
z[41]=18.902682	
{2.500000, 18.902682},
zero=0.000000
z[42]=18.701228	
{2.562500, 18.701228},
zero=0.000000
z[43]=18.492132	
{2.625000, 18.492132},
zero=0.000000
z[44]=18.275505	
{2.687500, 18.275505},
zero=0.000000
z[45]=18.051485	
{2.750000, 18.051485},
zero=0.000000
z[46]=17.820246	
{2.812500, 17.820246},
zero=0.000000
z[47]=17.582005	
{2.875000, 17.582005},
zero=0.000000
z[48]=17.337032	
{2.937500, 17.337032},
zero=0.000000
z[49]=17.085663	
{3.000000, 17.085663},
zero=0.000000
z[50]=16.828318	
{3.062500, 16.828318},
zero=0.000000
z[51]=16.565517	
{3.125000, 16.565517},
zero=0.000000
z[52]=16.297913	
{3.187500, 16.297913},
zero=0.000000
z[53]=16.026321	
{3.250000, 16.026321},
zero=0.000000
z[54]=15.751765	
{3.312500, 15.751765},
zero=0.000000
z[55]=15.475535	
{3.375000, 15.475535},
zero=0.000000
z[56]=15.199262	
{3.437500, 15.199262},
zero=0.000000
z[57]=14.925017	
{3.500000, 14.925017},
zero=0.000000
z[58]=14.655443	
{3.562500, 14.655443},
zero=0.000000
z[59]=14.393917	
{3.625000, 14.393917},
zero=0.000000
z[60]=14.144766	
{3.687500, 14.144766},
zero=0.000000
z[61]=13.913500	
{3.750000, 13.913500},
zero=0.000000
z[62]=13.707002	
{3.812500, 13.707002},
zero=0.000000
z[63]=13.533322	
{3.875000, 13.533322},
zero=0.000000
z[64]=13.399656	
{3.937500, 13.399656},
zero=0.000000
z[65]=13.301054	
{4.000000, 13.301054},
zero=0.000000
z[66]=13.143822	
{4.062500, 13.143822},
zero=0.000000
z[67]=13.351501	
{4.125000, 13.351501},
zero=0.000000
m=-1.000000	R0=5.000000
result=13.143822	radius=66
