z[1]=3.917716	
{0, 3.917716},
zero=0.000000
z[3]=3.915059	
{0.062500, 3.915059},
zero=0.000000
z[3]=3.915059	
{0.062500, 3.915059},
zero=0.000000
z[4]=3.926855	
{0.093750, 3.926855},
zero=0.000000
z[5]=3.943760	
{0.125000, 3.943760},
zero=0.000000
z[6]=3.964762	
{0.156250, 3.964762},
zero=0.000000
z[7]=3.988980	
{0.187500, 3.988980},
zero=0.000000
z[8]=4.015756	
{0.218750, 4.015756},
zero=0.000000
z[9]=4.044588	
{0.250000, 4.044588},
zero=0.000000
z[10]=4.075083	
{0.281250, 4.075083},
zero=0.000000
z[11]=4.106922	
{0.312500, 4.106922},
zero=0.000000
z[12]=4.139851	
{0.343750, 4.139851},
zero=0.000000
z[13]=4.173664	
{0.375000, 4.173664},
zero=0.000000
z[14]=4.208194	
{0.406250, 4.208194},
zero=0.000000
z[15]=4.243316	
{0.437500, 4.243316},
zero=0.000000
z[16]=4.278934	
{0.468750, 4.278934},
zero=0.000000
z[17]=4.314988	
{0.500000, 4.314988},
zero=0.000000
z[18]=4.351449	
{0.531250, 4.351449},
zero=0.000000
z[19]=4.388323	
{0.562500, 4.388323},
zero=0.000000
z[20]=4.425648	
{0.593750, 4.425648},
zero=0.000000
z[21]=4.463500	
{0.625000, 4.463500},
zero=0.000000
z[22]=4.501997	
{0.656250, 4.501997},
zero=0.000000
z[23]=4.541299	
{0.687500, 4.541299},
zero=0.000000
z[24]=4.581621	
{0.718750, 4.581621},
zero=0.000000
z[25]=4.623234	
{0.750000, 4.623234},
zero=0.000000
z[26]=4.666481	
{0.781250, 4.666481},
zero=0.000000
z[27]=4.711785	
{0.812500, 4.711785},
zero=0.000000
z[28]=4.759670	
{0.843750, 4.759670},
zero=0.000000
z[29]=4.810776	
{0.875000, 4.810776},
zero=0.000000
z[30]=4.865887	
{0.906250, 4.865887},
zero=0.000000
z[31]=4.925965	
{0.937500, 4.925965},
zero=0.000000
z[32]=4.992180	
{0.968750, 4.992180},
zero=0.000000
z[33]=5.065940	
{1.000000, 5.065940},
zero=0.000000
z[34]=5.148891	
{1.031250, 5.148891},
zero=0.000000
z[35]=5.242758	
{1.062500, 5.242758},
zero=0.000000
z[36]=5.348582	
{1.093750, 5.348582},
zero=0.000000
z[37]=5.462989	
{1.125000, 5.462989},
zero=0.000000
z[38]=5.554079	
{1.156250, 5.554079},
zero=0.000000
z[39]=5.731642	
{1.187500, 5.731642},
zero=0.000000
m=-1.000000	R0=2.000000
result=3.915059	radius=3
