z[1]=4.973327	
{0, 4.973327},
zero=0.000000
z[5]=4.964910	
{0.125000, 4.964910},
zero=0.000000
z[5]=4.964910	
{0.125000, 4.964910},
zero=0.000000
z[6]=4.971885	
{0.156250, 4.971885},
zero=0.000000
z[7]=4.981380	
{0.187500, 4.981380},
zero=0.000000
z[8]=4.992877	
{0.218750, 4.992877},
zero=0.000000
z[9]=5.005931	
{0.250000, 5.005931},
zero=0.000000
z[10]=5.020172	
{0.281250, 5.020172},
zero=0.000000
z[11]=5.035283	
{0.312500, 5.035283},
zero=0.000000
z[12]=5.050991	
{0.343750, 5.050991},
zero=0.000000
z[13]=5.067060	
{0.375000, 5.067060},
zero=0.000000
z[14]=5.083284	
{0.406250, 5.083284},
zero=0.000000
z[15]=5.099481	
{0.437500, 5.099481},
zero=0.000000
z[16]=5.115492	
{0.468750, 5.115492},
zero=0.000000
z[17]=5.131175	
{0.500000, 5.131175},
zero=0.000000
z[18]=5.146410	
{0.531250, 5.146410},
zero=0.000000
z[19]=5.161089	
{0.562500, 5.161089},
zero=0.000000
z[20]=5.175121	
{0.593750, 5.175121},
zero=0.000000
z[21]=5.188430	
{0.625000, 5.188430},
zero=0.000000
z[22]=5.200953	
{0.656250, 5.200953},
zero=0.000000
z[23]=5.212640	
{0.687500, 5.212640},
zero=0.000000
z[24]=5.223454	
{0.718750, 5.223454},
zero=0.000000
z[25]=5.233371	
{0.750000, 5.233371},
zero=0.000000
z[26]=5.242378	
{0.781250, 5.242378},
zero=0.000000
z[27]=5.250477	
{0.812500, 5.250477},
zero=0.000000
z[28]=5.257683	
{0.843750, 5.257683},
zero=0.000000
z[29]=5.264024	
{0.875000, 5.264024},
zero=0.000000
z[30]=5.269543	
{0.906250, 5.269543},
zero=0.000000
z[31]=5.274298	
{0.937500, 5.274298},
zero=0.000000
z[32]=5.278364	
{0.968750, 5.278364},
zero=0.000000
z[33]=5.281836	
{1.000000, 5.281836},
zero=0.000000
z[34]=5.284828	
{1.031250, 5.284828},
zero=0.000000
z[35]=5.287478	
{1.062500, 5.287478},
zero=0.000000
z[36]=5.289950	
{1.093750, 5.289950},
zero=0.000000
z[37]=5.292438	
{1.125000, 5.292438},
zero=0.000000
z[38]=5.295168	
{1.156250, 5.295168},
zero=0.000000
z[39]=5.298410	
{1.187500, 5.298410},
zero=0.000000
z[40]=5.302474	
{1.218750, 5.302474},
zero=0.000000
z[41]=5.307726	
{1.250000, 5.307726},
zero=0.000000
z[42]=5.314587	
{1.281250, 5.314587},
zero=0.000000
z[43]=5.323547	
{1.312500, 5.323547},
zero=0.000000
z[44]=5.335164	
{1.343750, 5.335164},
zero=0.000000
z[45]=5.350065	
{1.375000, 5.350065},
zero=0.000000
z[46]=5.368929	
{1.406250, 5.368929},
zero=0.000000
z[47]=5.392425	
{1.437500, 5.392425},
zero=0.000000
z[48]=5.421058	
{1.468750, 5.421058},
zero=0.000000
z[49]=5.454735	
{1.500000, 5.454735},
zero=0.000000
z[50]=5.491514	
{1.531250, 5.491514},
zero=0.000000
z[51]=5.523405	
{1.562500, 5.523405},
zero=0.000000
z[52]=5.518584	
{1.593750, 5.518584},
zero=0.000000
z[53]=5.587484	
{1.625000, 5.587484},
zero=0.000000
z[54]=5.727938	
{1.656250, 5.727938},
zero=0.000000
m=-1.000000	R0=2.500000
result=4.964910	radius=5
