z[1]=12.909375	
{0, 12.909375},
zero=0.000000
z[3]=12.902152	
{0.125000, 12.902152},
zero=0.000000
z[3]=12.902152	
{0.125000, 12.902152},
zero=0.000000
z[4]=12.921172	
{0.187500, 12.921172},
zero=0.000000
z[5]=12.947268	
{0.250000, 12.947268},
zero=0.000000
z[6]=12.977773	
{0.312500, 12.977773},
zero=0.000000
z[7]=13.010343	
{0.375000, 13.010343},
zero=0.000000
z[8]=13.043151	
{0.437500, 13.043151},
zero=0.000000
z[9]=13.074749	
{0.500000, 13.074749},
zero=0.000000
z[10]=13.103976	
{0.562500, 13.103976},
zero=0.000000
z[11]=13.129899	
{0.625000, 13.129899},
zero=0.000000
z[12]=13.151773	
{0.687500, 13.151773},
zero=0.000000
z[13]=13.169014	
{0.750000, 13.169014},
zero=0.000000
z[14]=13.181174	
{0.812500, 13.181174},
zero=0.000000
z[15]=13.187925	
{0.875000, 13.187925},
zero=0.000000
z[16]=13.189046	
{0.937500, 13.189046},
zero=0.000000
z[17]=13.184414	
{1.000000, 13.184414},
zero=0.000000
z[18]=13.174001	
{1.062500, 13.174001},
zero=0.000000
z[19]=13.157872	
{1.125000, 13.157872},
zero=0.000000
z[20]=13.136193	
{1.187500, 13.136193},
zero=0.000000
z[21]=13.109239	
{1.250000, 13.109239},
zero=0.000000
z[22]=13.077417	
{1.312500, 13.077417},
zero=0.000000
z[23]=13.041284	
{1.375000, 13.041284},
zero=0.000000
z[24]=13.001593	
{1.437500, 13.001593},
zero=0.000000
z[25]=12.959338	
{1.500000, 12.959338},
zero=0.000000
z[26]=12.915825	
{1.562500, 12.915825},
zero=0.000000
z[27]=12.872752	
{1.625000, 12.872752},
zero=0.000000
z[28]=12.832260	
{1.687500, 12.832260},
zero=0.000000
z[29]=12.796799	
{1.750000, 12.796799},
zero=0.000000
z[30]=12.768091	
{1.812500, 12.768091},
zero=0.000000
z[31]=12.741524	
{1.875000, 12.741524},
zero=0.000000
z[32]=12.669116	
{1.937500, 12.669116},
zero=0.000000
z[33]=12.747933	
{2.000000, 12.747933},
zero=0.000000
m=-1.000000	R0=2.900000
result=12.669116	radius=32
