z[1]=7.167531	
{0, 7.167531},
zero=0.000000
z[3]=7.160203	
{0.125000, 7.160203},
zero=0.000000
z[3]=7.160203	
{0.125000, 7.160203},
zero=0.000000
z[4]=7.179228	
{0.187500, 7.179228},
zero=0.000000
z[5]=7.205317	
{0.250000, 7.205317},
zero=0.000000
z[6]=7.235814	
{0.312500, 7.235814},
zero=0.000000
z[7]=7.268374	
{0.375000, 7.268374},
zero=0.000000
z[8]=7.301170	
{0.437500, 7.301170},
zero=0.000000
z[9]=7.332753	
{0.500000, 7.332753},
zero=0.000000
z[10]=7.361962	
{0.562500, 7.361962},
zero=0.000000
z[11]=7.387863	
{0.625000, 7.387863},
zero=0.000000
z[12]=7.409711	
{0.687500, 7.409711},
zero=0.000000
z[13]=7.426920	
{0.750000, 7.426920},
zero=0.000000
z[14]=7.439042	
{0.812500, 7.439042},
zero=0.000000
z[15]=7.445748	
{0.875000, 7.445748},
zero=0.000000
z[16]=7.446817	
{0.937500, 7.446817},
zero=0.000000
z[17]=7.442124	
{1.000000, 7.442124},
zero=0.000000
z[18]=7.431643	
{1.062500, 7.431643},
zero=0.000000
z[19]=7.415439	
{1.125000, 7.415439},
zero=0.000000
z[20]=7.393681	
{1.187500, 7.393681},
zero=0.000000
z[21]=7.366649	
{1.250000, 7.366649},
zero=0.000000
z[22]=7.334752	
{1.312500, 7.334752},
zero=0.000000
z[23]=7.298556	
{1.375000, 7.298556},
zero=0.000000
z[24]=7.258820	
{1.437500, 7.258820},
zero=0.000000
z[25]=7.216544	
{1.500000, 7.216544},
zero=0.000000
z[26]=7.173037	
{1.562500, 7.173037},
zero=0.000000
z[27]=7.130001	
{1.625000, 7.130001},
zero=0.000000
z[28]=7.089643	
{1.687500, 7.089643},
zero=0.000000
z[29]=7.054801	
{1.750000, 7.054801},
zero=0.000000
z[30]=7.029039	
{1.812500, 7.029039},
zero=0.000000
z[31]=7.016539	
{1.875000, 7.016539},
zero=0.000000
z[32]=7.021017	
{1.937500, 7.021017},
zero=0.000000
z[33]=7.039646	
{2.000000, 7.039646},
zero=0.000000
z[34]=7.021695	
{2.062500, 7.021695},
zero=0.000000
z[35]=7.174761	
{2.125000, 7.174761},
zero=0.000000
m=-1.000000	R0=3.000000
result=7.016539	radius=31
