z[1]=1.732872	
{0, 1.732872},
zero=0.000000
z[3]=1.733907	
{0.062500, 1.733907},
zero=0.000000
z[3]=1.733907	
{0.062500, 1.733907},
zero=0.000000
z[4]=1.752774	
{0.093750, 1.752774},
zero=0.000000
z[5]=1.779986	
{0.125000, 1.779986},
zero=0.000000
z[6]=1.807755	
{0.156250, 1.807755},
zero=0.000000
z[7]=1.847841	
{0.187500, 1.847841},
zero=0.000000
m=-1.000000	R0=1.000000
result=1.732872	radius=1
