z[1]=4.988594	
{0, 4.988594},
zero=0.000000
z[3]=4.981381	
{0.125000, 4.981381},
zero=0.000000
z[3]=4.981381	
{0.125000, 4.981381},
zero=0.000000
z[4]=5.000654	
{0.187500, 5.000654},
zero=0.000000
z[5]=5.027176	
{0.250000, 5.027176},
zero=0.000000
z[6]=5.058342	
{0.312500, 5.058342},
zero=0.000000
z[7]=5.091874	
{0.375000, 5.091874},
zero=0.000000
z[8]=5.126024	
{0.437500, 5.126024},
zero=0.000000
z[9]=5.159441	
{0.500000, 5.159441},
zero=0.000000
z[10]=5.191084	
{0.562500, 5.191084},
zero=0.000000
z[11]=5.220174	
{0.625000, 5.220174},
zero=0.000000
z[12]=5.246158	
{0.687500, 5.246158},
zero=0.000000
z[13]=5.268694	
{0.750000, 5.268694},
zero=0.000000
z[14]=5.287646	
{0.812500, 5.287646},
zero=0.000000
z[15]=5.303079	
{0.875000, 5.303079},
zero=0.000000
z[16]=5.315280	
{0.937500, 5.315280},
zero=0.000000
z[17]=5.324776	
{1.000000, 5.324776},
zero=0.000000
z[18]=5.332382	
{1.062500, 5.332382},
zero=0.000000
z[19]=5.339251	
{1.125000, 5.339251},
zero=0.000000
z[20]=5.346961	
{1.187500, 5.346961},
zero=0.000000
z[21]=5.357602	
{1.250000, 5.357602},
zero=0.000000
z[22]=5.373847	
{1.312500, 5.373847},
zero=0.000000
z[23]=5.398868	
{1.375000, 5.398868},
zero=0.000000
z[24]=5.435480	
{1.437500, 5.435480},
zero=0.000000
z[25]=5.481368	
{1.500000, 5.481368},
zero=0.000000
z[26]=5.496533	
{1.562500, 5.496533},
zero=0.000000
z[27]=5.634995	
{1.625000, 5.634995},
zero=0.000000
m=-1.000000	R0=2.500000
result=4.981381	radius=3
