z[1]=9.868121	
{0, 9.868121},
zero=0.000000
z[3]=9.860766	
{0.125000, 9.860766},
zero=0.000000
z[3]=9.860766	
{0.125000, 9.860766},
zero=0.000000
z[4]=9.879732	
{0.187500, 9.879732},
zero=0.000000
z[5]=9.905720	
{0.250000, 9.905720},
zero=0.000000
z[6]=9.936059	
{0.312500, 9.936059},
zero=0.000000
z[7]=9.968389	
{0.375000, 9.968389},
zero=0.000000
z[8]=10.000866	
{0.437500, 10.000866},
zero=0.000000
z[9]=10.032019	
{0.500000, 10.032019},
zero=0.000000
z[10]=10.060658	
{0.562500, 10.060658},
zero=0.000000
z[11]=10.085813	
{0.625000, 10.085813},
zero=0.000000
z[12]=10.106698	
{0.687500, 10.106698},
zero=0.000000
z[13]=10.122673	
{0.750000, 10.122673},
zero=0.000000
z[14]=10.133223	
{0.812500, 10.133223},
zero=0.000000
z[15]=10.137934	
{0.875000, 10.137934},
zero=0.000000
z[16]=10.136483	
{0.937500, 10.136483},
zero=0.000000
z[17]=10.128613	
{1.000000, 10.128613},
zero=0.000000
z[18]=10.114134	
{1.062500, 10.114134},
zero=0.000000
z[19]=10.092908	
{1.125000, 10.092908},
zero=0.000000
z[20]=10.064844	
{1.187500, 10.064844},
zero=0.000000
z[21]=10.029896	
{1.250000, 10.029896},
zero=0.000000
z[22]=9.988063	
{1.312500, 9.988063},
zero=0.000000
z[23]=9.939386	
{1.375000, 9.939386},
zero=0.000000
z[24]=9.883957	
{1.437500, 9.883957},
zero=0.000000
z[25]=9.821918	
{1.500000, 9.821918},
zero=0.000000
z[26]=9.753473	
{1.562500, 9.753473},
zero=0.000000
z[27]=9.678901	
{1.625000, 9.678901},
zero=0.000000
z[28]=9.598569	
{1.687500, 9.598569},
zero=0.000000
z[29]=9.512953	
{1.750000, 9.512953},
zero=0.000000
z[30]=9.422667	
{1.812500, 9.422667},
zero=0.000000
z[31]=9.328498	
{1.875000, 9.328498},
zero=0.000000
z[32]=9.231457	
{1.937500, 9.231457},
zero=0.000000
z[33]=9.132838	
{2.000000, 9.132838},
zero=0.000000
z[34]=9.034303	
{2.062500, 9.034303},
zero=0.000000
z[35]=8.937992	
{2.125000, 8.937992},
zero=0.000000
z[36]=8.846655	
{2.187500, 8.846655},
zero=0.000000
z[37]=8.763808	
{2.250000, 8.763808},
zero=0.000000
z[38]=8.693852	
{2.312500, 8.693852},
zero=0.000000
z[39]=8.641941	
{2.375000, 8.641941},
zero=0.000000
z[40]=8.612664	
{2.437500, 8.612664},
zero=0.000000
z[41]=8.602662	
{2.500000, 8.602662},
zero=0.000000
z[42]=8.550460	
{2.562500, 8.550460},
zero=0.000000
z[43]=8.717485	
{2.625000, 8.717485},
zero=0.000000
m=-1.000000	R0=3.500000
result=8.550460	radius=42
